1991     0.131    -0.017     0.063     0.364     0.459     0.376     0.366     0.170     0.205     0.129     0.164     0.153
1992    -0.256    -0.309    -0.571    -0.478    -0.470    -0.747    -0.382    -0.656    -0.727    -0.467    -0.276    -0.247
1993    -0.131     0.115    -0.195    -0.106     0.053     0.006    -0.055    -0.193    -0.064     0.004    -0.026    -0.136
1994     0.090    -0.066     0.302     0.426     0.624     0.546     0.654     0.923     0.635     0.867     0.410     0.332
1995     0.205     0.243     0.050    -0.146    -0.172     0.036    -0.073    -0.032    -0.074    -0.207    -0.171     0.160
1996     0.045     0.047     0.015    -0.293    -0.186    -0.281    -0.546    -0.568    -0.606    -0.949    -0.674    -0.344
1997    -0.045     0.159     0.143     0.129     0.105     0.195     0.544     0.746     0.877     1.033     1.402     0.932
1998     0.590     0.502     0.045     0.122     0.219     0.261    -0.288    -0.467    -0.390    -0.584    -0.530    -0.266
1999    -0.065     0.042     0.202     0.073    -0.106    -0.032     0.208     0.135     0.056    -0.030     0.007    -0.079
2000    -0.060     0.071     0.240     0.217     0.192     0.091     0.174     0.243     0.010     0.017    -0.183    -0.178
2001    -0.366     0.063     0.090     0.212     0.217     0.241    -0.043    -0.189    -0.117    -0.291    -0.122     0.019
2002    -0.077    -0.018     0.108    -0.277    -0.249    -0.076    -0.164    -0.096     0.392     0.565     0.220    -0.088
2003    -0.174     0.097     0.061    -0.024    -0.084     0.252     0.228     0.220     0.045    -0.084    -0.036     0.258
2004     0.109     0.194     0.177    -0.005    -0.485    -0.270    -0.204    -0.020    -0.000     0.155    -0.030    -0.063
2005    -0.058    -0.480    -0.332     0.160     0.046    -0.062    -0.287    -0.233    -0.428    -0.276    -0.149    -0.230
2006    -0.070    -0.225    -0.126     0.060    -0.128     0.055     0.137     0.341     0.534     0.736     0.624     0.241
2007     0.290     0.230     0.216     0.175     0.349     0.144     0.141     0.349     0.341     0.227     0.100    -0.157
2008     0.180     0.008     0.197    -0.078     0.258     0.329     0.343     0.237     0.192     0.188    -0.005     0.016
2009     0.097     0.243     0.200     0.201     0.336     0.214    -0.095     0.008     0.003     0.147     0.056     0.230
2010     0.359     0.103     0.558     0.445     0.050    -0.026     0.096     0.051    -0.162    -0.277    -0.372    -0.142
2011     0.257     0.322     0.467     0.229    -0.010     0.169     0.319     0.457     0.308     0.516     0.459    -0.059
2012     0.111     0.002     0.126    -0.196    -0.290     0.115     0.643     0.764     0.559     0.270     0.024     0.337
2013     0.001     0.269     0.183    -0.222    -0.426    -0.383    -0.083    -0.082    -0.204    -0.009     0.323     0.210
2014    -0.036    -0.009    -0.051     0.017    -0.012     0.086    -0.266    -0.260    -0.039     0.300     0.133     0.116
2015    -0.034    -0.265    -0.141     0.067     0.320     0.410     0.322     0.680     0.400     0.642     0.470     0.341
2016     0.331    -0.030     0.091     0.222    -0.034    -0.329    -0.661    -0.332    -0.331    -0.212    -0.259    -0.241
2017    -0.020     0.181     0.457     0.574     0.616     0.537     0.617     0.461     0.140     0.175     0.412     0.179
2018    -0.135     0.295    -0.020    -0.008     0.202     0.269     0.150     0.234     0.710     0.844     0.623     0.379
2019     0.452     0.496     0.325     0.333     0.619     0.719     0.693     0.548     0.999     1.123     0.958     0.312
2020     0.238     0.134     0.119     0.064     0.378     0.568     0.417    -0.070    -0.084     0.233     0.143     0.100
2021     0.116     0.323     0.367     0.325     0.089     0.112    -0.132     0.014     0.048     0.068     0.192    -0.050
2022     0.009 -9999.000 -9999.000 -9999.000 -9999.000 -9999.000 -9999.000 -9999.000 -9999.000 -9999.000 -9999.000 -9999.000